3214308084
466359675
808859815
3185399110
2721800023
579932932
1530648845
1706635382
2563194959
2923947184
3014915558
3043264555
3065114024
3170921201
3227390873
3247667175
3367442045
3402126148
3459037009
3465937675
3502104854
3512565361
3519864886
355916122
3585757951
3630066984
3640249671
368603149
3716251309
3721046572
3724572669
3740245870
3756278757
3835149295
3872144604
3896218551
3973074921
3986688045
3988550982
3990661997
4255728232
469792763
516505552
664399832
68070371
706935758
793443893
891945583
915948376
920595805
941695432
