587703123
2073775040
1546450936
2422005962
768005095
261428209
3014915558
1925237458
226559113
2912874939
788443093
2206530719
3367706194
275618457
4058522530
2218630415
1055701597
2129936603
1268862154
2651349821
824925120
2549481101
3479321132
602513566
2606068340
2047212121
2850754114
1382414087
1001210244
4209271110
3726105915
1328415626
1640504453
2733138262
348382215
2414729609
2374966032
188012277
452351020
451459928
2860711835
3564307372
2168724337
2899099062
261586155
2992445106
1165780219
1466037421
3870061732
2124742566
1581098148
416176080
3465937675
3343476521
2318861297
3183167778
1624626906
189425762
153984193
3725461865
71929310
3585757951
4293277303
3181518428
365775923
1004114196
3134700416
3988550982
3523131524
2007797722
1863555924
1936142927
813893651
1939545845
3728026165
3310258058
1984382277
4096714883
331645324
891945583
815693290
1641152947
3938633710
1446741360
361513884
2802535058
3773208948
1388848350
3782053633
1226102803
