1846684678
2974087609
3250873975
767028979
228715206
193817059
610290475
3374523516
68070371
3973074921
1358380044
4255728232
2608926626
1461287021
1165307954
2585681490
2255894993
1794381917
3408943538
3454621138
1704428387
3237179831
894928436
4282288299
3776618420
1426880966
3882958867
2638072698
1650036788
1520708641
3852538118
2093736314
539004493
1169888870
4250220510
117698822
2494442380
3188223741
3621428889
2119136831
1752208920
1596003233
600300561
2867128955
2633130371
951767867
330231874
1240128502
3214308084
429425116
826475330
1416254276
728636342
835315305
1381498905
2874755766
228356856
516505552
2928082356
3630066984
1561705728
2602752943
1191548746
1039800368
3457361118
1825562762
3482496489
2521108919
755956971
3439295882
1206185632
4017173934
666086773
3513928062
4000686095
3312325004
1302784073
1776856003
115168927
2718472679
4198014287
2255803900
1005070462
2114544056
3681718840
1767892582
1650288984
4121954205
933092024
1096929346
