1204772502
2217202584
3045926185
1976765073
994527967
4037813798
3654768780
3885222120
2426248831
2831296918
919005580
3756278757
3669401835
587253782
1074457665
2634057640
349505262
2526768638
3290105390
2995538501
233415434
377976310
1430544400
2775713665
3499148112
1943971979
3845001836
2841034142
1952555184
2488675799
793439294
321657486
1329576454
3684436375
3265820418
1746653202
3774489940
2185745201
1674107025
1325314544
1346941736
3640249671
3872144604
2521633500
3118269184
1888624839
2659242702
3613420592
1530648845
2741999622
193469166
2842417644
3502104854
2362341647
4119890438
257763003
42647445
2842568196
4285659174
4049719826
2781317046
2923947184
2512875213
2595446627
1694362237
1250841910
3877027275
3189832196
880829941
2014052797
810804565
3072929548
4074414829
3189787803
4042020578
2237544099
373000027
3065114024
1975732938
588969535
225287241
4011150407
1982350912
648372919
1787764635
2021631368
1283141381
1401530684
2097407511
803106487
