2040438510
4242313482
3083210802
3465614249
1347814329
1573528872
368603149
3333724719
718836251
4248931856
3835149295
2230970679
1720428295
3812756443
2988916046
534725268
466359675
1032073858
1699403886
891398354
3977045190
1985653476
3389018345
4095687067
1456041926
1224306523
2627665880
3394697810
2780469782
3447159466
3613962792
349680864
4030826507
4274948997
832784782
666718676
2681481517
1657546978
2908022696
797459875
3170921201
808859815
2680389410
941695432
3986688045
3680420864
2423691919
2721800023
2035992488
1809430156
3367442045
793443893
3990661997
2872052743
1095737979
1459905209
3247667175
3721046572
343259175
2243544680
1768677545
2050158196
1309468115
1209091352
2180468199
1777626099
62440720
2705543429
653289389
2577072326
3005388626
2756669323
2563194959
3050275044
4246489531
920595805
3321821918
2579169528
2890614022
1750583735
3697041061
1371553700
3349113128
1728056212
4203395201
773063444
4116817094
2886641112
1885233650
2141384740
