1090617681
1626646295
3886638041
664399832
4024807398
3227390873
1822107721
1498487404
3724572669
2952446692
3609190705
32417469
3064628686
874722259
3740245870
3538133636
479578891
4188468543
3272931111
2557996913
1097048408
1092080539
3185399110
4144940484
2896414922
3896218551
1240094341
3675473203
2775443222
1644266841
3287349092
435429221
3365863812
1312913862
51789996
1404403376
70821038
2346291386
3306347811
999748158
3019107892
1264920838
4128603535
2217749257
2120901815
2231547570
846439045
1082572151
2620240008
1906124788
3529955798
1413662315
696250687
4028996995
4257633223
2981205682
1519319503
1024089777
2688103263
776079908
744758650
3512565361
623927022
1681385341
2457805603
436345731
1633872967
3972697109
2727244247
3271294718
1146800212
1625728984
2869588309
3881519900
2276611093
1951946145
1161072059
2435054400
2442448387
3043264555
3293887675
2359345766
1264851357
1634506681
2936266209
1567728751
2680682039
2674735073
678319271
4131252449
