2064532783
1330042375
2597531625
2010389054
1702441027
1464257942
1822283721
3422293493
605602864
1558115333
1706635382
1490458366
2907468364
1142162924
532905404
933205398
2111372120
3402126148
653210662
2981862233
3666413874
1182012905
1631478380
3382649284
469792763
3519864886
2624589981
3658575486
1077785853
355916122
1021093698
1535236204
2962707003
1669696074
1129928304
1068876755
921110016
2340239206
850468060
2534589327
1099825042
411102470
1189322339
2849617566
4079145784
3865252245
988062523
411185872
549978415
503621995
766375082
3716251309
2445950508
2181772221
2260598310
2089096292
2756120947
3579522037
691061163
611648169
379310561
579932932
131961260
1380197501
3898166818
238213328
866411749
915948376
1064866854
4033578141
599294057
2459507570
3767780806
3008586398
3459037009
1755064960
4040474158
663522487
1423699487
4206136267
3272005365
706935758
390939205
225514697
946007720
2109968527
2162532142
1830688247
