1204772502
2217202584
3045926185
1976765073
994527967
4037813798
3654768780
3885222120
2426248831
2831296918
919005580
3756278757
3669401835
587253782
1074457665
2634057640
349505262
2526768638
3290105390
2995538501
233415434
377976310
1430544400
2775713665
3499148112
1943971979
3845001836
2841034142
1952555184
2488675799
793439294
321657486
1329576454
3684436375
3265820418
1746653202
3774489940
2185745201
1674107025
1325314544
1346941736
3640249671
3872144604
2521633500
3118269184
1888624839
2659242702
3613420592
1530648845
2741999622
193469166
2842417644
3502104854
2362341647
4119890438
257763003
42647445
2842568196
4285659174
4049719826
2781317046
2923947184
2512875213
2595446627
1694362237
1250841910
3877027275
3189832196
880829941
2014052797
810804565
3072929548
4074414829
3189787803
4042020578
2237544099
373000027
3065114024
1975732938
588969535
225287241
4011150407
1982350912
648372919
1787764635
2021631368
1283141381
1401530684
2097407511
803106487
1846684678
2974087609
3250873975
767028979
228715206
193817059
610290475
3374523516
68070371
3973074921
1358380044
4255728232
2608926626
1461287021
1165307954
2585681490
2255894993
1794381917
3408943538
3454621138
1704428387
3237179831
894928436
4282288299
3776618420
1426880966
3882958867
2638072698
1650036788
1520708641
3852538118
2093736314
539004493
1169888870
4250220510
117698822
2494442380
3188223741
3621428889
2119136831
1752208920
1596003233
600300561
2867128955
2633130371
951767867
330231874
1240128502
3214308084
429425116
826475330
1416254276
728636342
835315305
1381498905
2874755766
228356856
516505552
2928082356
3630066984
1561705728
2602752943
1191548746
1039800368
3457361118
1825562762
3482496489
2521108919
755956971
3439295882
1206185632
4017173934
666086773
3513928062
4000686095
3312325004
1302784073
1776856003
115168927
2718472679
4198014287
2255803900
1005070462
2114544056
3681718840
1767892582
1650288984
4121954205
933092024
1096929346
1090617681
1626646295
3886638041
664399832
4024807398
3227390873
1822107721
1498487404
3724572669
2952446692
3609190705
32417469
3064628686
874722259
3740245870
3538133636
479578891
4188468543
3272931111
2557996913
1097048408
1092080539
3185399110
4144940484
2896414922
3896218551
1240094341
3675473203
2775443222
1644266841
3287349092
435429221
3365863812
1312913862
51789996
1404403376
70821038
2346291386
3306347811
999748158
3019107892
1264920838
4128603535
2217749257
2120901815
2231547570
846439045
1082572151
2620240008
1906124788
3529955798
1413662315
696250687
4028996995
4257633223
2981205682
1519319503
1024089777
2688103263
776079908
744758650
3512565361
623927022
1681385341
2457805603
436345731
1633872967
3972697109
2727244247
3271294718
1146800212
1625728984
2869588309
3881519900
2276611093
1951946145
1161072059
2435054400
2442448387
3043264555
3293887675
2359345766
1264851357
1634506681
2936266209
1567728751
2680682039
2674735073
678319271
4131252449
2040438510
4242313482
3083210802
3465614249
1347814329
1573528872
368603149
3333724719
718836251
4248931856
3835149295
2230970679
1720428295
3812756443
2988916046
534725268
466359675
1032073858
1699403886
891398354
3977045190
1985653476
3389018345
4095687067
1456041926
1224306523
2627665880
3394697810
2780469782
3447159466
3613962792
349680864
4030826507
4274948997
832784782
666718676
2681481517
1657546978
2908022696
797459875
3170921201
808859815
2680389410
941695432
3986688045
3680420864
2423691919
2721800023
2035992488
1809430156
3367442045
793443893
3990661997
2872052743
1095737979
1459905209
3247667175
3721046572
343259175
2243544680
1768677545
2050158196
1309468115
1209091352
2180468199
1777626099
62440720
2705543429
653289389
2577072326
3005388626
2756669323
2563194959
3050275044
4246489531
920595805
3321821918
2579169528
2890614022
1750583735
3697041061
1371553700
3349113128
1728056212
4203395201
773063444
4116817094
2886641112
1885233650
2141384740
587703123
2073775040
1546450936
2422005962
768005095
261428209
3014915558
1925237458
226559113
2912874939
788443093
2206530719
3367706194
275618457
4058522530
2218630415
1055701597
2129936603
1268862154
2651349821
824925120
2549481101
3479321132
602513566
2606068340
2047212121
2850754114
1382414087
1001210244
4209271110
3726105915
1328415626
1640504453
2733138262
348382215
2414729609
2374966032
188012277
452351020
451459928
2860711835
3564307372
2168724337
2899099062
261586155
2992445106
1165780219
1466037421
3870061732
2124742566
1581098148
416176080
3465937675
3343476521
2318861297
3183167778
1624626906
189425762
153984193
3725461865
71929310
3585757951
4293277303
3181518428
365775923
1004114196
3134700416
3988550982
3523131524
2007797722
1863555924
1936142927
813893651
1939545845
3728026165
3310258058
1984382277
4096714883
331645324
891945583
815693290
1641152947
3938633710
1446741360
361513884
2802535058
3773208948
1388848350
3782053633
1226102803
2064532783
1330042375
2597531625
2010389054
1702441027
1464257942
1822283721
3422293493
605602864
1558115333
1706635382
1490458366
2907468364
1142162924
532905404
933205398
2111372120
3402126148
653210662
2981862233
3666413874
1182012905
1631478380
3382649284
469792763
3519864886
2624589981
3658575486
1077785853
355916122
1021093698
1535236204
2962707003
1669696074
1129928304
1068876755
921110016
2340239206
850468060
2534589327
1099825042
411102470
1189322339
2849617566
4079145784
3865252245
988062523
411185872
549978415
503621995
766375082
3716251309
2445950508
2181772221
2260598310
2089096292
2756120947
3579522037
691061163
611648169
379310561
579932932
131961260
1380197501
3898166818
238213328
866411749
915948376
1064866854
4033578141
599294057
2459507570
3767780806
3008586398
3459037009
1755064960
4040474158
663522487
1423699487
4206136267
3272005365
706935758
390939205
225514697
946007720
2109968527
2162532142
1830688247
