808859815
3188223741
2688103263
1004114196
532905404
1699403886
2638072698
1674107025
4206136267
3050275044
951767867
1388848350
1090617681
379310561
3725461865
2962707003
3454621138
1951946145
4079145784
1347814329
2359345766
1224306523
1640504453
3134700416
1204772502
3439295882
1039800368
2775443222
3349113128
1146800212
1546450936
549978415
920595805
664399832
826475330
2928082356
3083210802
4121954205
70821038
1371553700
1755064960
1165780219
331645324
793439294
2111372120
813893651
343259175
2185745201
2549481101
2780469782
429425116
153984193
3675473203
3343476521
1064866854
3680420864
1767892582
744758650
1519319503
2276611093
1426880966
2633130371
1446741360
2435054400
435429221
3669401835
933092024
4209271110
3290105390
1413662315
3513928062
1077785853
2021631368
1423699487
1068876755
2120901815
4188468543
131961260
2488675799
1641152947
115168927
330231874
2850754114
1809430156
1822107721
2064532783
3721046572
3512565361
803106487
3716251309
2992445106
1746653202
3972697109
2849617566
2534589327
1001210244
1328415626
1626646295
2995538501
2521108919
3654768780
32417469
193817059
1750583735
2674735073
2346291386
3271294718
3265820418
1416254276
3365863812
1404403376
516505552
3773208948
4144940484
1430544400
1268862154
2217202584
2908022696
355916122
539004493
718836251
1082572151
238213328
390939205
3043264555
2162532142
2114544056
3394697810
3523131524
600300561
3886638041
1982350912
1720428295
933205398
2597531625
3382649284
3014915558
2705543429
4257633223
4282288299
766375082
2756120947
377976310
2010389054
2860711835
3519864886
2775713665
2557996913
891398354
3609190705
3782053633
1358380044
2097407511
587703123
349505262
1312913862
706935758
767028979
2445950508
452351020
696250687
321657486
1768677545
810804565
1694362237
2007797722
1264920838
3374523516
2206530719
4116817094
623927022
2218630415
3613420592
3250873975
2952446692
3877027275
2896414922
3287349092
2318861297
3482496489
2563194959
2255803900
605602864
919005580
3072929548
3938633710
3247667175
1264851357
1561705728
534725268
835315305
2869588309
117698822
2781317046
2831296918
2595446627
2756669323
3045926185
466359675
2727244247
3898166818
1863555924
3812756443
1631478380
4095687067
793443893
2141384740
1634506681
776079908
2168724337
4024807398
2362341647
3973074921
261428209
3272931111
4203395201
1129928304
1325314544
1776856003
3529955798
361513884
1309468115
4250220510
1520708641
4058522530
4255728232
3882958867
4128603535
3118269184
275618457
2119136831
4285659174
891945583
1466037421
1226102803
3310258058
1752208920
4096714883
588969535
599294057
3896218551
3681718840
2217749257
611648169
2414729609
2093736314
1330042375
1032073858
850468060
3185399110
653210662
832784782
2521633500
1329576454
2733138262
2422005962
663522487
846439045
62440720
4246489531
228715206
994527967
193469166
2579169528
1074457665
1830688247
1206185632
2129936603
2802535058
2426248831
797459875
1464257942
3181518428
3183167778
1633872967
2230970679
1975732938
3774489940
1240128502
2867128955
678319271
1825562762
2634057640
3865252245
1182012905
365775923
2181772221
1952555184
2620240008
3666413874
3422293493
3499148112
988062523
2981205682
4274948997
1704428387
3457361118
225287241
2050158196
257763003
3986688045
1459905209
3189787803
3776618420
2040438510
1530648845
1706635382
3756278757
1302784073
1401530684
666718676
4242313482
4248931856
411185872
2741999622
1005070462
3214308084
3408943538
2936266209
3990661997
946007720
503621995
3726105915
3170921201
3367442045
1906124788
4011150407
1625728984
768005095
648372919
2577072326
3312325004
1681385341
666086773
3845001836
1165307954
3740245870
3870061732
3585757951
1024089777
4293277303
1283141381
2260598310
941695432
915948376
3885222120
226559113
3697041061
2089096292
2721800023
1728056212
3447159466
3402126148
3728026165
1461287021
1382414087
2459507570
188012277
1943971979
2627665880
1822283721
3237179831
1161072059
866411749
1558115333
1885233650
416176080
2602752943
2608926626
225514697
373000027
3767780806
2923947184
824925120
1567728751
2014052797
1250841910
368603149
1777626099
42647445
348382215
51789996
3579522037
587253782
2680682039
2874755766
1096929346
2842568196
1055701597
1381498905
2231547570
233415434
2512875213
1669696074
68070371
4033578141
2681481517
788443093
1650288984
436345731
349680864
3564307372
3988550982
653289389
2841034142
1240094341
411102470
1099825042
4049719826
691061163
2842417644
2659242702
3724572669
3684436375
1985653476
2124742566
4074414829
4028996995
3977045190
3630066984
3008586398
3881519900
4131252449
1650036788
1936142927
1456041926
1092080539
3613962792
451459928
2035992488
469792763
3465614249
1498487404
2680389410
3502104854
2912874939
1644266841
2651349821
1657546978
2988916046
3852538118
189425762
3019107892
2047212121
3640249671
261586155
71929310
3621428889
3321821918
1581098148
3835149295
2606068340
2255894993
579932932
1976765073
4119890438
1097048408
3065114024
4000686095
815693290
1939545845
1702441027
1490458366
1925237458
1021093698
1209091352
2872052743
1596003233
2981862233
4017173934
3227390873
2974087609
1846684678
2457805603
2374966032
3389018345
999748158
2907468364
1142162924
3189832196
773063444
1095737979
2718472679
894928436
3306347811
4198014287
3064628686
2624589981
228356856
2526768638
4040474158
1573528872
602513566
3538133636
1535236204
4042020578
3272005365
1984382277
874722259
728636342
1169888870
3293887675
3459037009
2899099062
3872144604
479578891
2180468199
1888624839
3465937675
1624626906
2886641112
2423691919
1189322339
2585681490
1787764635
4037813798
3479321132
3658575486
1380197501
2340239206
610290475
755956971
2243544680
3333724719
3005388626
4030826507
880829941
2109968527
3367706194
1191548746
1346941736
921110016
2073775040
2237544099
1794381917
2442448387
2494442380
2890614022
