1005070462
1064866854
1095737979
1129928304
1142162924
1161072059
1204772502
1264851357
1325314544
1346941736
1371553700
1413662315
1459905209
1466037421
1530648845
1546450936
1650036788
1657546978
1706635382
1746653202
1750583735
1755064960
1767892582
1822283721
193469166
2010389054
2035992488
2040438510
2064532783
2089096292
2093736314
2340239206
2423691919
2426248831
2459507570
2526768638
2563194959
2597531625
2608926626
2638072698
2659242702
2674735073
2718472679
2756120947
2842417644
2842568196
2867128955
2899099062
