1777626099
3447159466
365775923
3675473203
1068876755
1039800368
3250873975
3972697109
3374523516
532905404
1558115333
2255803900
2124742566
3306347811
1699403886
2756120947
189425762
3382649284
3865252245
238213328
1640504453
3290105390
2359345766
3459037009
3725461865
623927022
3990661997
3293887675
3885222120
2457805603
435429221
1189322339
4285659174
718836251
330231874
4049719826
226559113
3852538118
2981205682
880829941
610290475
696250687
3367706194
4028996995
1074457665
2974087609
915948376
4000686095
153984193
2595446627
2869588309
2217202584
2577072326
3579522037
1694362237
3271294718
2494442380
2435054400
2073775040
4033578141
3247667175
874722259
1975732938
3310258058
2423691919
1681385341
3529955798
4058522530
2217749257
3716251309
1498487404
188012277
1706635382
2849617566
1976765073
755956971
3728026165
946007720
466359675
3519864886
3782053633
1371553700
2718472679
4242313482
1329576454
1906124788
2606068340
2688103263
1309468115
2775713665
