3681718840
2988916046
1430544400
1382414087
2896414922
2206530719
3684436375
1925237458
451459928
3014915558
773063444
2733138262
3726105915
3640249671
411102470
2422005962
891945583
933205398
664399832
803106487
1787764635
2111372120
2633130371
2727244247
1401530684
3658575486
3697041061
4119890438
1776856003
225287241
1423699487
1704428387
2928082356
648372919
1146800212
1985653476
2512875213
4037813798
1325314544
2775443222
1095737979
1169888870
706935758
2874755766
2907468364
4257633223
3973074921
2674735073
3564307372
1097048408
653289389
4203395201
71929310
534725268
3272931111
2899099062
4095687067
1226102803
4246489531
4209271110
1204772502
1129928304
3986688045
1520708641
600300561
516505552
1264920838
4198014287
3065114024
1755064960
1633872967
691061163
1641152947
1573528872
3988550982
1625728984
379310561
1952555184
4011150407
999748158
832784782
3118269184
321657486
1809430156
2908022696
3439295882
1404403376
3609190705
2097407511
3454621138
