4116817094
1413662315
1530648845
2549481101
1283141381
824925120
788443093
1634506681
2867128955
3272005365
4128603535
891398354
2010389054
3845001836
2563194959
2459507570
1939545845
1982350912
3394697810
2185745201
2255894993
193469166
3367442045
1631478380
1822107721
1092080539
1082572151
921110016
2180468199
2243544680
1650288984
2680682039
1746653202
2850754114
469792763
2129936603
539004493
1943971979
3499148112
744758650
1456041926
2624589981
503621995
846439045
1250841910
549978415
3019107892
331645324
2346291386
1055701597
1165307954
3183167778
3479321132
228356856
70821038
1381498905
3343476521
3008586398
1624626906
3523131524
3422293493
3349113128
919005580
815693290
2886641112
1358380044
2414729609
1830688247
2620240008
1650036788
2557996913
3287349092
2521108919
3321821918
3465614249
1268862154
2021631368
2952446692
3512565361
3064628686
2741999622
2681481517
1846684678
3513928062
3774489940
3050275044
2627665880
117698822
