1750583735
51789996
3896218551
4188468543
2050158196
3189787803
2802535058
361513884
411185872
4248931856
3214308084
4042020578
1885233650
3538133636
4255728232
3740245870
2047212121
951767867
4017173934
776079908
653210662
767028979
355916122
3669401835
233415434
3389018345
3773208948
2585681490
1581098148
588969535
1182012905
261428209
666718676
1099825042
2705543429
2442448387
4144940484
2231547570
1674107025
348382215
1191548746
1669696074
4030826507
1464257942
32417469
1626646295
3812756443
1064866854
1546450936
793443893
2780469782
3654768780
1240128502
2651349821
3181518428
1767892582
2860711835
1426880966
2638072698
4206136267
2260598310
3898166818
2634057640
3877027275
2890614022
3872144604
3835149295
1657546978
3237179831
1459905209
611648169
2521633500
3043264555
349505262
1096929346
2276611093
1466037421
579932932
1142162924
2237544099
1302784073
3482496489
3680420864
2218630415
602513566
2445950508
2119136831
826475330
1461287021
4079145784
