3613420592
2981862233
2756669323
4074414829
1794381917
4024807398
2526768638
1752208920
2936266209
1768677545
1825562762
1077785853
2374966032
3189832196
1416254276
3724572669
2340239206
3666413874
42647445
2488675799
766375082
436345731
2597531625
1936142927
2362341647
1567728751
1032073858
257763003
813893651
2962707003
1561705728
587703123
275618457
3870061732
1951946145
193817059
4131252449
377976310
2093736314
416176080
452351020
2089096292
1330042375
2007797722
2141384740
4040474158
1346941736
3265820418
3585757951
1312913862
728636342
2114544056
343259175
1888624839
1728056212
1328415626
4121954205
1224306523
933092024
2014052797
3881519900
1005070462
2992445106
2035992488
2831296918
2064532783
3776618420
599294057
2120901815
1161072059
1596003233
4293277303
3938633710
1209091352
2923947184
1380197501
941695432
1024089777
3185399110
3227390873
2680389410
2579169528
835315305
1490458366
994527967
666086773
3188223741
2602752943
1090617681
1720428295
