479578891
3312325004
3365863812
2841034142
4282288299
4096714883
228715206
3402126148
2842417644
3408943538
3170921201
1021093698
850468060
1535236204
3621428889
1347814329
768005095
3457361118
3502104854
2426248831
866411749
3882958867
261586155
1004114196
349680864
2162532142
678319271
2181772221
131961260
3072929548
3767780806
2912874939
2109968527
2230970679
4274948997
3465937675
605602864
920595805
115168927
3756278757
62440720
1388848350
1822283721
3613962792
3721046572
1206185632
3083210802
2781317046
1519319503
1165780219
797459875
2659242702
429425116
2168724337
1702441027
2872052743
894928436
390939205
4250220510
3630066984
1446741360
1644266841
368603149
3886638041
1264851357
3134700416
3005388626
793439294
373000027
68070371
808859815
587253782
1863555924
1240094341
2608926626
1984382277
2995538501
2842568196
2721800023
2040438510
3977045190
988062523
2318861297
225514697
663522487
2534589327
3045926185
1001210244
3333724719
810804565
