3613420592
2981862233
2756669323
4074414829
1794381917
4024807398
2526768638
1752208920
2936266209
1768677545
1825562762
1077785853
2374966032
3189832196
1416254276
3724572669
2340239206
3666413874
42647445
2488675799
766375082
436345731
2597531625
1936142927
2362341647
1567728751
1032073858
257763003
813893651
2962707003
1561705728
587703123
275618457
3870061732
1951946145
193817059
4131252449
377976310
2093736314
416176080
452351020
2089096292
1330042375
2007797722
2141384740
4040474158
1346941736
3265820418
3585757951
1312913862
728636342
2114544056
343259175
1888624839
1728056212
1328415626
4121954205
1224306523
933092024
2014052797
3881519900
1005070462
2992445106
2035992488
2831296918
2064532783
3776618420
599294057
2120901815
1161072059
1596003233
4293277303
3938633710
1209091352
2923947184
1380197501
941695432
1024089777
3185399110
3227390873
2680389410
2579169528
835315305
1490458366
994527967
666086773
3188223741
2602752943
1090617681
1720428295
1750583735
51789996
3896218551
4188468543
2050158196
3189787803
2802535058
361513884
411185872
4248931856
3214308084
4042020578
1885233650
3538133636
4255728232
3740245870
2047212121
951767867
4017173934
776079908
653210662
767028979
355916122
3669401835
233415434
3389018345
3773208948
2585681490
1581098148
588969535
1182012905
261428209
666718676
1099825042
2705543429
2442448387
4144940484
2231547570
1674107025
348382215
1191548746
1669696074
4030826507
1464257942
32417469
1626646295
3812756443
1064866854
1546450936
793443893
2780469782
3654768780
1240128502
2651349821
3181518428
1767892582
2860711835
1426880966
2638072698
4206136267
2260598310
3898166818
2634057640
3877027275
2890614022
3872144604
3835149295
1657546978
3237179831
1459905209
611648169
2521633500
3043264555
349505262
1096929346
2276611093
1466037421
579932932
1142162924
2237544099
1302784073
3482496489
3680420864
2218630415
602513566
2445950508
2119136831
826475330
1461287021
4079145784
1777626099
3447159466
365775923
3675473203
1068876755
1039800368
3250873975
3972697109
3374523516
532905404
1558115333
2255803900
2124742566
3306347811
1699403886
2756120947
189425762
3382649284
3865252245
238213328
1640504453
3290105390
2359345766
3459037009
3725461865
623927022
3990661997
3293887675
3885222120
2457805603
435429221
1189322339
4285659174
718836251
330231874
4049719826
226559113
3852538118
2981205682
880829941
610290475
696250687
3367706194
4028996995
1074457665
2974087609
915948376
4000686095
153984193
2595446627
2869588309
2217202584
2577072326
3579522037
1694362237
3271294718
2494442380
2435054400
2073775040
4033578141
3247667175
874722259
1975732938
3310258058
2423691919
1681385341
3529955798
4058522530
2217749257
3716251309
1498487404
188012277
1706635382
2849617566
1976765073
755956971
3728026165
946007720
466359675
3519864886
3782053633
1371553700
2718472679
4242313482
1329576454
1906124788
2606068340
2688103263
1309468115
2775713665
3681718840
2988916046
1430544400
1382414087
2896414922
2206530719
3684436375
1925237458
451459928
3014915558
773063444
2733138262
3726105915
3640249671
411102470
2422005962
891945583
933205398
664399832
803106487
1787764635
2111372120
2633130371
2727244247
1401530684
3658575486
3697041061
4119890438
1776856003
225287241
1423699487
1704428387
2928082356
648372919
1146800212
1985653476
2512875213
4037813798
1325314544
2775443222
1095737979
1169888870
706935758
2874755766
2907468364
4257633223
3973074921
2674735073
3564307372
1097048408
653289389
4203395201
71929310
534725268
3272931111
2899099062
4095687067
1226102803
4246489531
4209271110
1204772502
1129928304
3986688045
1520708641
600300561
516505552
1264920838
4198014287
3065114024
1755064960
1633872967
691061163
1641152947
1573528872
3988550982
1625728984
379310561
1952555184
4011150407
999748158
832784782
3118269184
321657486
1809430156
2908022696
3439295882
1404403376
3609190705
2097407511
3454621138
479578891
3312325004
3365863812
2841034142
4282288299
4096714883
228715206
3402126148
2842417644
3408943538
3170921201
1021093698
850468060
1535236204
3621428889
1347814329
768005095
3457361118
3502104854
2426248831
866411749
3882958867
261586155
1004114196
349680864
2162532142
678319271
2181772221
131961260
3072929548
3767780806
2912874939
2109968527
2230970679
4274948997
3465937675
605602864
920595805
115168927
3756278757
62440720
1388848350
1822283721
3613962792
3721046572
1206185632
3083210802
2781317046
1519319503
1165780219
797459875
2659242702
429425116
2168724337
1702441027
2872052743
894928436
390939205
4250220510
3630066984
1446741360
1644266841
368603149
3886638041
1264851357
3134700416
3005388626
793439294
373000027
68070371
808859815
587253782
1863555924
1240094341
2608926626
1984382277
2995538501
2842568196
2721800023
2040438510
3977045190
988062523
2318861297
225514697
663522487
2534589327
3045926185
1001210244
3333724719
810804565
4116817094
1413662315
1530648845
2549481101
1283141381
824925120
788443093
1634506681
2867128955
3272005365
4128603535
891398354
2010389054
3845001836
2563194959
2459507570
1939545845
1982350912
3394697810
2185745201
2255894993
193469166
3367442045
1631478380
1822107721
1092080539
1082572151
921110016
2180468199
2243544680
1650288984
2680682039
1746653202
2850754114
469792763
2129936603
539004493
1943971979
3499148112
744758650
1456041926
2624589981
503621995
846439045
1250841910
549978415
3019107892
331645324
2346291386
1055701597
1165307954
3183167778
3479321132
228356856
70821038
1381498905
3343476521
3008586398
1624626906
3523131524
3422293493
3349113128
919005580
815693290
2886641112
1358380044
2414729609
1830688247
2620240008
1650036788
2557996913
3287349092
2521108919
3321821918
3465614249
1268862154
2021631368
2952446692
3512565361
3064628686
2741999622
2681481517
1846684678
3513928062
3774489940
3050275044
2627665880
117698822
