767028979
4188468543
4206136267
793439294
755956971
599294057
466359675
744758650
866411749
451459928
416176080
2557996913
797459875
3189787803
3188223741
51789996
4040474158
1644266841
4198014287
666718676
920595805
469792763
891945583
62440720
2563194959
503621995
610290475
611648169
4285659174
605602864
549978415
988062523
706935758
921110016
653210662
691061163
70821038
479578891
946007720
588969535
810804565
874722259
933205398
776079908
915948376
2674735073
71929310
4242313482
579932932
4246489531
832784782
808859815
3185399110
587253782
999748158
534725268
532905404
4203395201
648372919
1165780219
