1951946145
1952555184
1975732938
1982350912
1984382277
2035992488
2050158196
2093736314
2097407511
2109968527
2111372120
2114544056
2120901815
2141384740
2180468199
2181772221
2206530719
2217202584
2218630415
2230970679
2231547570
2243544680
2260598310
2276611093
228715206
233415434
2340239206
2346291386
2359345766
2414729609
2422005962
2426248831
2435054400
2459507570
2521108919
2521633500
2526768638
2549481101
2557996913
2563194959
2579169528
2585681490
2597531625
2606068340
261428209
2627665880
2638072698
2659242702
2674735073
2680389410
