3408943538
3422293493
343259175
3457361118
3465937675
3479321132
3502104854
3513928062
3519864886
3529955798
3538133636
355916122
3579522037
3585757951
3609190705
3613420592
3613962792
3630066984
3640249671
365775923
3669401835
3680420864
368603149
3697041061
3716251309
373000027
3740245870
3767780806
3776618420
377976310
3782053633
379310561
3812756443
3835149295
3845001836
3870061732
3872144604
3877027275
3881519900
3885222120
3886638041
3896218551
3898166818
3938633710
4011150407
4017173934
4024807398
4030826507
4033578141
4040474158
4042020578
4049719826
4058522530
4095687067
411102470
411185872
4116817094
4119890438
4128603535
4131252449
