2721800023
2727244247
2741999622
2756120947
275618457
2781317046
2842417644
2842568196
2867128955
2869588309
2872052743
2886641112
2890614022
2896414922
2907468364
2908022696
2912874939
2928082356
2952446692
2962707003
2981862233
3005388626
3014915558
3019107892
3043264555
3064628686
3065114024
3118269184
3134700416
3181518428
3185399110
3188223741
3189787803
3214308084
321657486
3227390873
3237179831
32417469
3247667175
3272005365
3272931111
3290105390
3293887675
3310258058
331645324
3321821918
3349113128
3365863812
3367442045
3389018345
