1024089777
1064866854
1068876755
1074457665
1082572151
1090617681
1092080539
1095737979
1097048408
1142162924
1146800212
1161072059
1182012905
1191548746
1206185632
1226102803
1240094341
1240128502
1264920838
1268862154
1283141381
1302784073
1312913862
1329576454
1346941736
1388848350
1401530684
1404403376
1423699487
1446741360
1456041926
1459905209
1464257942
1490458366
1498487404
1519319503
1546450936
1561705728
1567728751
1573528872
1581098148
1596003233
1624626906
1625728984
1626646295
1631478380
1633872967
1634506681
1644266841
1669696074
1674107025
1702441027
1768677545
1776856003
1787764635
1809430156
1822107721
1830688247
1885233650
1939545845
